{
 "cells": [
  {
   "cell_type": "markdown",
   "metadata": {},
   "source": [
    "# Matriz de Adyacencia"
   ]
  },
  {
   "cell_type": "markdown",
   "metadata": {},
   "source": [
    "## Autovalores y autovectores de una matriz $n\\times n$\n",
    "------------------------------------------------------"
   ]
  },
  {
   "cell_type": "markdown",
   "metadata": {
    "vscode": {
     "languageId": "plaintext"
    }
   },
   "source": [
    "Sea $A$ una matriz $n \\times n$. Definimos $v$ y $\\lambda$ como un autovector y un autovalor respectivamente de $A$ si cumplen con lo siguiente:\n",
    "\n",
    "\\begin{align}\n",
    "    Av=\\lambda v\\\\\n",
    "    Av-\\lambda v=0\\\\\n",
    "    (A-\\lambda I)v=0\n",
    "\\end{align}\n",
    "\n",
    "Esta ecuación tiene solución no nula de $v$ si se cumple que: \n",
    "\n",
    "\\begin{align*}\n",
    "    p_A(\\lambda)=det(A-\\lambda I)=0 \\tag{4}\n",
    "\\end{align*}\n",
    "\n",
    "donde $p_A(\\lambda)$ se define como **Polinomio característico** de $A$.\n",
    "\n",
    "Según el Teorema Fundamental del Álgebra, para un matriz A $n \\times n$, la ecuación $p_A(\\lambda)=0$ tiene exactamente $n$ raíces, teniendo en cuenta su multiplicidad. \n"
   ]
  },
  {
   "cell_type": "code",
   "execution_count": 39,
   "metadata": {},
   "outputs": [
    {
     "name": "stdout",
     "output_type": "stream",
     "text": [
      "Los autovalores de la matriz A son : [-1.0, 3.0]\n",
      "\n",
      "Los autovectores de la matriz A son : [-0.7071067811865475 0.7071067811865475; 0.7071067811865475 0.7071067811865475]\n"
     ]
    }
   ],
   "source": [
    "using LinearAlgebra\n",
    "\n",
    "A = [1.0 2.0; 2.0 1.0]  # Ejemplo de matriz 2x2\n",
    "eigen_A = eigen(A)\n",
    "\n",
    "autovalores = eigen_A.values\n",
    "autovectores = eigen_A.vectors\n",
    "\n",
    "println(\"Los autovalores de la matriz A son : \", autovalores)\n",
    "println(\"\\nLos autovectores de la matriz A son : \", autovectores)"
   ]
  },
  {
   "cell_type": "markdown",
   "metadata": {},
   "source": [
    "## Matriz de Adyacencia\n",
    "--------------------------\n",
    "La [matriz de adyacencia](https://es.wikipedia.org/wiki/Matriz_de_adyacencia) es una matriz cuadrada que se utiliza como una forma de representar relaciones binarias. Podemos construir esta matriz siguiendo los siguientes pasos:\n",
    "\n",
    "1) Construir una matriz cero. Las filas y columnas de esta matriz representarán los nodos del grafo.\n",
    "\n",
    "2) Por cada arista que une a dos nodos, se suma 1 al valor que hay actualmente en la ubicación correspondiente de la matriz.\n",
    "\n",
    "    - Si tal arista es un bucle y el grafo es no dirigido, entonces se suma 1 o 2 (dependiendo de la convención usada).\n",
    "    - Si el grafo es ponderado, entonces en lugar de un 1 se suma el peso de la arista respectiva.\n"
   ]
  },
  {
   "cell_type": "code",
   "execution_count": 41,
   "metadata": {},
   "outputs": [
    {
     "data": {
      "text/plain": [
       "matrix_zero (generic function with 1 method)"
      ]
     },
     "metadata": {},
     "output_type": "display_data"
    }
   ],
   "source": [
    "#Creamos una matriz con todas las entradas nulas\n",
    "\n",
    "function matrix_zero(n)\n",
    "    m = zeros(Int, n, n)\n",
    "    return m\n",
    "end"
   ]
  },
  {
   "cell_type": "code",
   "execution_count": 42,
   "metadata": {},
   "outputs": [
    {
     "data": {
      "text/plain": [
       "matrix_ad (generic function with 1 method)"
      ]
     },
     "metadata": {},
     "output_type": "display_data"
    }
   ],
   "source": [
    "#Creamos la matriz de adyacencia\n",
    "\n",
    "function matrix_ad(data)\n",
    "    n = maximum(data[:, 1])\n",
    "    x= matrix_zero(n)\n",
    "    for i in 1:size(data, 1)\n",
    "        n1 = data[i,1]\n",
    "        n2 = data[i,2]\n",
    "        x[n1,n2] = 1\n",
    "    end\n",
    "    return x\n",
    "end"
   ]
  },
  {
   "cell_type": "markdown",
   "metadata": {},
   "source": [
    "### Prueba con algunas redes\n",
    "--------------------------------------------------------------"
   ]
  },
  {
   "cell_type": "markdown",
   "metadata": {},
   "source": [
    "Use las redes disponibles en [KONECT](http://konect.cc/networks/). Intentando que no fuesen muy grandes; todavía no tengo claro el nivel de computo necesario para redes de miles de nodos, asi que elegi dos redes pequeñas para probar"
   ]
  },
  {
   "cell_type": "code",
   "execution_count": 52,
   "metadata": {},
   "outputs": [
    {
     "name": "stdout",
     "output_type": "stream",
     "text": [
      "[1 1; 1 2; 1 3; 2 1; 2 3; 3 4; 3 3; 4 1; 4 3; 5 5; 5 2; 6 1; 6 2]\n",
      "[1 2; 1 3; 1 4; 2 1; 2 5; 2 4; 5 2; 5 6; 5 4; 6 5; 6 3; 6 7; 6 8; 3 1; 3 6; 3 7; 3 9; 3 10; 7 6; 7 3; 7 8; 8 6; 8 7; 8 11; 8 12; 8 13; 11 8; 11 14; 11 15; 14 11; 14 15; 14 16; 15 11; 15 14; 15 17; 17 15; 17 18; 17 19; 17 9; 17 10; 18 17; 18 16; 18 20; 18 21; 18 13; 16 14; 16 18; 16 20; 20 18; 20 16; 20 21; 21 18; 21 20; 21 12; 12 8; 12 21; 12 4; 4 1; 4 2; 4 5; 4 12; 4 19; 4 22; 19 17; 19 4; 19 22; 13 8; 13 18; 13 22; 9 3; 9 17; 9 10; 10 3; 10 17; 10 9; 22 4; 22 19; 22 13]\n"
     ]
    }
   ],
   "source": [
    "#Carga de datos\n",
    "using DelimitedFiles\n",
    "using DataFrames\n",
    "using CSV\n",
    "\n",
    "# Especifica la ruta del archivo TSV\n",
    "# http://konect.cc/networks/brunson_south-africa/\n",
    "ruta_archivo1 = \n",
    "\"D:\\\\DIEGO\\\\COMPUTADORAS\\\\Coding\\\\Julia\\\\brunson_south-africa\\\\red-south-africa.tsv\"\n",
    "\n",
    "# http://konect.cc/networks/moreno_taro/\n",
    "ruta_archivo2=\n",
    "\"D:\\\\DIEGO\\\\COMPUTADORAS\\\\Coding\\\\Julia\\\\moreno_taro\\\\red-taro.tsv\"\n",
    "\n",
    "# Carga el archivo TSV en una matriz\n",
    "data1 = readdlm(ruta_archivo1,' ', Int)\n",
    "data2 = readdlm(ruta_archivo2,' ', Int)\n",
    "\n",
    "println(data1)\n",
    "println(data2)\n"
   ]
  },
  {
   "cell_type": "code",
   "execution_count": 53,
   "metadata": {},
   "outputs": [
    {
     "name": "stdout",
     "output_type": "stream",
     "text": [
      "La matriz de adyacencia es:\n",
      "[1, 1, 1, 0, 0, 0]\n",
      "[1, 0, 1, 0, 0, 0]\n",
      "[0, 0, 1, 1, 0, 0]\n",
      "[1, 0, 1, 0, 0, 0]\n",
      "[0, 1, 0, 0, 1, 0]\n",
      "[1, 1, 0, 0, 0, 0]\n",
      "\n",
      "Los autovalores de la matriz A son : \n",
      "[-0.8019377358048376, 0.0, 1.1159756291744515e-16, 0.5549581320873708, 1.0, 2.2469796037174703]\n",
      "\n",
      "Los autovectores de la matriz A son: \n",
      "[0.13092322108062207 0.0 -1.1159756291744517e-16 -0.34261069523790816 0.0 0.5642621907382687; -0.530097299979442 0.0 6.132647218045908e-32 -0.12227634142608625 0.0 0.3904815516199183; 0.2941818074211503 0.0 1.115975629174453e-16 0.2747524452016098 0.0 0.3131418913796379; -0.5300972999794422 0.0 -1.1159756291744517e-16 -0.12227634142608634 0.0 0.3904815516199183; 0.29418180742115013 0.0 -6.132647218045909e-32 0.2747524452016087 1.0 0.31314189137963655; 0.49776193471953606 1.0 -1.0 -0.8376974942513395 0.0 0.4249009384769805]\n"
     ]
    }
   ],
   "source": [
    "m = matrix_ad(data1)\n",
    "\n",
    "print(\"La matriz de adyacencia es:\\n\")\n",
    "for i in 1:size(m, 1)\n",
    "    println(m[i,:])\n",
    "end\n",
    "\n",
    "autovalores = eigen(m).values\n",
    "autovectores = eigen(m).vectors\n",
    "\n",
    "println(\"\\nLos autovalores de la matriz A son : \\n\", autovalores)\n",
    "println(\"\\nLos autovectores de la matriz A son: \\n\", autovectores)"
   ]
  },
  {
   "cell_type": "code",
   "execution_count": 54,
   "metadata": {},
   "outputs": [
    {
     "name": "stdout",
     "output_type": "stream",
     "text": [
      "La matriz de adyacencia es:\n",
      "[0, 1, 1, 1, 0, 0, 0, 0, 0, 0, 0, 0, 0, 0, 0, 0, 0, 0, 0, 0, 0, 0]\n",
      "[1, 0, 0, 1, 1, 0, 0, 0, 0, 0, 0, 0, 0, 0, 0, 0, 0, 0, 0, 0, 0, 0]\n",
      "[1, 0, 0, 0, 0, 1, 1, 0, 1, 1, 0, 0, 0, 0, 0, 0, 0, 0, 0, 0, 0, 0]\n",
      "[1, 1, 0, 0, 1, 0, 0, 0, 0, 0, 0, 1, 0, 0, 0, 0, 0, 0, 1, 0, 0, 1]\n",
      "[0, 1, 0, 1, 0, 1, 0, 0, 0, 0, 0, 0, 0, 0, 0, 0, 0, 0, 0, 0, 0, 0]\n",
      "[0, 0, 1, 0, 1, 0, 1, 1, 0, 0, 0, 0, 0, 0, 0, 0, 0, 0, 0, 0, 0, 0]\n",
      "[0, 0, 1, 0, 0, 1, 0, 1, 0, 0, 0, 0, 0, 0, 0, 0, 0, 0, 0, 0, 0, 0]\n",
      "[0, 0, 0, 0, 0, 1, 1, 0, 0, 0, 1, 1, 1, 0, 0, 0, 0, 0, 0, 0, 0, 0]\n",
      "[0, 0, 1, 0, 0, 0, 0, 0, 0, 1, 0, 0, 0, 0, 0, 0, 1, 0, 0, 0, 0, 0]\n",
      "[0, 0, 1, 0, 0, 0, 0, 0, 1, 0, 0, 0, 0, 0, 0, 0, 1, 0, 0, 0, 0, 0]\n",
      "[0, 0, 0, 0, 0, 0, 0, 1, 0, 0, 0, 0, 0, 1, 1, 0, 0, 0, 0, 0, 0, 0]\n",
      "[0, 0, 0, 1, 0, 0, 0, 1, 0, 0, 0, 0, 0, 0, 0, 0, 0, 0, 0, 0, 1, 0]\n",
      "[0, 0, 0, 0, 0, 0, 0, 1, 0, 0, 0, 0, 0, 0, 0, 0, 0, 1, 0, 0, 0, 1]\n",
      "[0, 0, 0, 0, 0, 0, 0, 0, 0, 0, 1, 0, 0, 0, 1, 1, 0, 0, 0, 0, 0, 0]\n",
      "[0, 0, 0, 0, 0, 0, 0, 0, 0, 0, 1, 0, 0, 1, 0, 0, 1, 0, 0, 0, 0, 0]\n",
      "[0, 0, 0, 0, 0, 0, 0, 0, 0, 0, 0, 0, 0, 1, 0, 0, 0, 1, 0, 1, 0, 0]\n",
      "[0, 0, 0, 0, 0, 0, 0, 0, 1, 1, 0, 0, 0, 0, 1, 0, 0, 1, 1, 0, 0, 0]\n",
      "[0, 0, 0, 0, 0, 0, 0, 0, 0, 0, 0, 0, 1, 0, 0, 1, 1, 0, 0, 1, 1, 0]\n",
      "[0, 0, 0, 1, 0, 0, 0, 0, 0, 0, 0, 0, 0, 0, 0, 0, 1, 0, 0, 0, 0, 1]\n",
      "[0, 0, 0, 0, 0, 0, 0, 0, 0, 0, 0, 0, 0, 0, 0, 1, 0, 1, 0, 0, 1, 0]\n",
      "[0, 0, 0, 0, 0, 0, 0, 0, 0, 0, 0, 1, 0, 0, 0, 0, 0, 1, 0, 1, 0, 0]\n",
      "[0, 0, 0, 1, 0, 0, 0, 0, 0, 0, 0, 0, 1, 0, 0, 0, 0, 0, 1, 0, 0, 0]\n",
      "\n",
      "Los autovalores de la matriz A son : \n",
      "[-2.6978130653391497, -2.5466428307469013, -2.155682369744261, -1.942926629697917, -1.7397461925596116, -1.6217833422885843, -1.328593826458883, -1.0635142997529832, -1.0000000000000002, -0.9113798837221705, -0.5692085402316378, -0.2667217466032268, 0.061939352297092576, 0.47211699651933525, 0.6520018427070111, 1.0231893944693393, 1.685676497960285, 2.0944831074683976, 2.4263770712091772, 2.704664368060334, 2.972668016525185, 3.7508960799291535]\n",
      "\n",
      "Los autovectores de la matriz A son: \n",
      "[-0.2632717260609984 0.061696240116860285 -0.09360953447443118 0.25353691475806145 0.37808218133063237 -0.016702065407541267 0.10522529381443399 0.07787567937051619 -1.6327545632850247e-16 0.3104355712101689 -0.028225304443631083 -0.11137956822867505 0.37160367700568003 0.1128226421447771 0.47237585912136604 -0.0136748928789998 0.29461321353958586 0.026547003865788007 0.10599168908020318 0.08606124880234131 0.23123862635114414 0.2239319029367262; -0.0008286484584072603 0.01313461274919456 -0.020108274721994192 -0.20547901154486484 -0.33195105812196574 0.2445544535617471 0.34409329772696806 -0.19988116204160203 -1.7857833835638817e-15 -0.42347198727697377 0.16257938514770637 -0.13132419602677395 0.06709155018778028 0.351285509415977 -0.030049664386023578 -0.031018135789109575 0.33117925088433764 -0.038504883232355666 0.067484234135089 0.22863336474609638 0.25606593800480854 0.20619365830349778; 0.354527882849802 -0.18473305778087484 -0.21453215759669328 -0.04196403035023278 -0.4860415275881893 -0.09362300019796765 -0.10614079280427545 -0.02863799024988125 6.487584443851707e-16 0.15131353215717636 -0.10594441654061504 0.22603100951392563 0.055974029708670485 -0.1623658077331895 0.2998873428914567 -0.08002313354542001 0.13769756328430136 0.1926963963707829 0.08229692338491561 -0.3890047850962384 0.1416452348569451 0.30002621127718654; 0.3565586679103556 0.014480157454038224 0.4364328554251877 -0.24516058139979102 0.16022555026555402 -0.12384432190401476 -0.377754180671872 0.1456972536779603 1.1906643953737413e-15 -0.010766279672952852 -0.04056888426713858 -0.06499946051328656 -0.10004868883149981 -0.1356542147340198 0.03815225209200544 0.09704926397023113 0.027745755883594795 -0.09858926198763579 0.10739464660293248 0.3931382134566093 0.28968449587751016 0.33372542731575766; -0.09105140321169333 -0.10962556496327162 -0.2994762676465776 0.3908543100162533 0.03920285788763755 -0.25606795175737235 -0.18463134422848904 -0.010996458965989341 7.139235685702507e-16 0.0862745589868685 -0.023747385780913205 0.21140604767748752 -0.2673993810109414 0.1886794322154788 -0.5301205477657865 -0.11511179866685901 0.23590211040463974 -0.008605569363364558 -0.04964413730964497 0.1391770527195597 0.24027590179976527 0.21575365438435518; -0.1100903542499791 0.25156238887706156 0.22925112961934743 -0.3087616543181282 0.10352248510893784 0.29457660699633004 0.27896094705767904 0.06587879972061911 -1.550125620420504e-16 0.35560936941229254 -0.10849328608589666 0.1399370662610365 0.016394594179257267 -0.12655252783941046 -0.353742161706126 -0.18381229975534225 0.03872963656040017 0.11906992555827593 -0.2953342772261033 -0.2453443628604573 0.16851005453959106 0.2693504508414113; -0.1637189928030144 0.18068269850256738 -0.029882586950931243 0.10575024693284267 0.1565174964816777 -0.11725165269114932 -0.2829222332144037 -0.10725479395446214 9.59579079303606e-16 -0.6179230813508466 -0.053368270855366405 -0.14836556196800124 0.2681974682629102 -0.25472130291747147 -0.032846304291634834 -0.12691609469340842 -0.04910749147188568 0.1218508647537729 -0.28084546403423644 -0.28291242271480466 0.10802780412241855 0.2239371960038999; 0.19724570922831464 -0.5269636298777542 0.04969839382981757 0.14526071380541036 0.11021832390629013 -0.01079682960805048 0.20306857816321291 0.0768261976168924 -1.5092553589484179e-15 0.05623976446131116 0.24481537817478127 -0.3263957539510892 -0.055756646416002024 0.16866007908971173 0.03243896789040916 0.13397623122299854 -0.259206544092646 -0.0565517440718629 -0.46839964064458733 -0.13083400104166135 0.010975508813628675 0.27058848852275613; -0.20968444063261588 -0.011746105148436096 0.1783520908402014 0.015503762342071459 0.10373336706308098 -0.004393333360747913 0.01987699719875287 -0.003021386494869541 0.7071067811865468 -0.09301298430730633 0.12519566403483784 0.02976033914579679 -0.32636437215111647 0.095897765563838 0.05486985352306702 0.12126223288593577 -0.02606090618667834 0.06806577644540172 0.3349357100561772 -0.30496592224092267 -0.043356112830357584 0.20407379498677863; -0.20968444063261582 -0.011746105148436096 0.17835209084020143 0.015503762342071736 0.10373336706308069 -0.004393333360747746 0.01987699719874919 -0.0030213864948689514 -0.7071067811865481 -0.0930129843073063 0.125195664034832 0.029760339145796986 -0.32636437215111647 0.09589776556383797 0.054869853523066996 0.12126223288593571 -0.026060906186678327 0.06806577644540177 0.3349357100561772 -0.30496592224092267 -0.043356112830357584 0.20407379498677863; -0.026239849410809063 0.32158222780942486 -0.07483896122089316 -0.0040513606297670375 -0.10185220677035546 0.17801957976477367 -0.37665871751025753 -0.18895699078477202 -1.3336727153944351e-15 0.18117018792896886 0.5141360612606515 0.1488735771554972 0.01331865140294362 0.09174833162683707 0.10990070828779266 0.1114654516661173 0.0632642938472504 -0.4656607437908895 -0.2241448411366001 -0.09371706584227243 -0.1410398354415208 0.13586619993118543; -0.285636508258015 0.1839010982954647 -0.3301692210838345 -0.11642032133017335 -0.22064405415976515 0.03318118697204127 -0.00976350353173122 0.14023174911740136 1.3888024547799782e-15 0.035973199932934914 -0.31161562630775863 -0.1700737527438997 -0.21556863363537937 -0.11049026059034288 0.07000708606957813 0.6216877443668761 -0.09902487345327088 0.059137013176390016 -0.1852656732050486 0.16370076500612996 0.014532548883955294 0.2011170331602889; 0.05355365328358398 0.4042597366080281 0.09850568825276643 0.04125218024376625 -0.12929563002676525 -0.3710156026341324 0.120587847903286 0.00839547613999977 3.7899929476675545e-16 -0.006085465918662039 -0.18000988204875312 0.11668551687307807 -0.0857956107749972 0.4796430496929354 0.22783093848045158 -0.2853417426859015 -0.3907999449769743 0.047156267646057834 -0.15092389262065964 0.10441102566325265 -0.11740402808907957 0.18467842093717696; 0.0314833423940303 -0.12648259257442812 -0.1579059820614703 -0.2912749791038985 0.2926843057864492 -0.269471173639924 0.2381799184926507 -0.3474475579525996 2.884473735305743e-16 -0.0665948868521039 -0.2731997676793325 0.05235337967352004 -0.24482525118720555 -0.17842904793125242 0.14204007791644888 -0.10611394949035445 0.2639956166826711 -0.43318422980063737 -0.10343225396101775 -0.02891518973774819 -0.2292536761471479 0.10510786751885115; -0.15793884304933203 -0.16550885249430622 0.26953661750550584 0.1538857617525731 -0.2257056407602188 -0.008441185815750105 0.059177950110184785 0.47157982207360494 1.3749549024917356e-15 -0.15475974241783408 -0.26426624740606774 0.23433455375558443 0.30140684624457614 0.05308491560486253 -0.10282358148841186 0.08618798626186214 0.10185406070833827 -0.48558258780869135 0.027971991441933377 -0.09372401788334894 -0.2009864405394688 0.133923640675146; 0.09924252000897966 0.16603261227882948 0.14569748532245202 0.4160915123428629 -0.1816385590833535 0.2674454666871594 0.0010363981042582748 0.08689261500800949 5.67085077523673e-16 0.034282794724628425 -0.09436217290220848 -0.3971719157781851 -0.32988981513202914 -0.22907263343280776 0.08553326574039151 -0.3062281056517645 0.27989285205092107 0.04394627986043447 -0.054792799739832226 0.10923520034622933 -0.33946879477246344 0.12445884763984054; 0.4208459813198162 0.22639229739477498 -0.34829039107475857 -0.0036624047067576326 0.2018384301357247 0.10514136842029663 0.05985533983872331 0.03487266448712392 2.79181379879642e-16 0.02646961497277566 -0.09051368866281846 -0.26372907829619463 0.250175544618559 0.1117430072202654 -0.31898195080842023 0.08283513129804389 -0.1555669141720549 -0.11819955385456932 0.3954476937683834 -0.130859756020521 -0.22717245195825095 0.2613595913682076; -0.2893195852397777 -0.35204930652679767 0.029982300589917694 -0.27851265319597485 -0.037371879798801126 0.1316660257024732 -0.3943471782549974 -0.21309930638992808 1.4554060903776863e-15 0.13268370765648377 -0.15052860941626015 -0.07347400076239372 0.189592147319051 0.23600243338116259 -0.07072416353942616 -0.15365408047109835 0.0021879273949699787 0.2511354621921581 0.020924689086339616 0.15861021922212365 -0.433305572417797 0.2278046821888564; -0.26873647734573375 -0.035489951778746864 0.09458035581536411 0.10073515039274832 -0.2955368539079779 -0.28495469305469207 0.21589179875698417 -0.28952532004648374 -1.5696636901404968e-15 0.18397812875990613 0.21592469334740189 -0.15003895089156263 0.1772254619328507 -0.42812710716283175 -0.14416878173566297 -0.09030234372899981 -0.3141556668099905 -0.14925139613296742 0.24073711638152864 0.19111392382129633 0.045695956446083805 0.21045675387733592; -0.009901524271660883 0.05570613737116398 -0.18615381895412902 -0.2386476474223544 0.060692565599630224 -0.2959334549063799 0.1547903076392754 0.46813532573857847 -2.1350610062687647e-15 -0.09733347027418118 0.4774401317863441 0.12705500816697968 0.034799942389467334 -0.16572246913098262 -0.015548067501538282 -0.05356132002986913 0.2056252585716713 0.27409350841223645 -0.050440428081406946 0.1657495246300018 -0.34656878026351007 0.13391965401706935; 0.21678952677765684 0.044153058883090845 0.22560871966761142 0.32609601014476314 0.11342077896352377 0.0808284552034445 0.1876573330255265 -0.37166192176058144 -5.035912026189834e-16 -0.07825873556035193 -0.02687221814363639 0.43675758284759447 0.142453153704557 -0.08517019433024389 -0.024946470862501076 0.40507881151452496 0.06453688631538024 0.2790024811835835 -0.08851938750520841 0.18045141372135154 -0.25745956142521886 0.15005517544939517; -0.05240386951363248 -0.1504922235879133 -0.292027669905748 0.05310197986185292 0.15209513594617174 0.48083772798677266 0.031066329821516095 0.1273443998449097 0.0 -0.1833773008964484 0.00817639342971876 0.36874718984979404 -0.13914962546438567 -0.17821487644847214 0.18683138736393823 -0.2722807956675125 -0.4017436659541824 -0.09581571212436923 0.08127667900584153 0.25462056256356835 0.07332686429253965 0.19431639442915175]\n"
     ]
    }
   ],
   "source": [
    "m = matrix_ad(data2)\n",
    "\n",
    "print(\"La matriz de adyacencia es:\\n\")\n",
    "for i in 1:size(m, 1)\n",
    "    println(m[i,:])\n",
    "end\n",
    "\n",
    "autovalores = eigen(m).values\n",
    "autovectores = eigen(m).vectors\n",
    "\n",
    "println(\"\\nLos autovalores de la matriz A son : \\n\", autovalores)\n",
    "println(\"\\nLos autovectores de la matriz A son: \\n\", autovectores)"
   ]
  }
 ],
 "metadata": {
  "kernelspec": {
   "display_name": "Julia 1.10.3",
   "language": "julia",
   "name": "julia-1.10"
  },
  "language_info": {
   "file_extension": ".jl",
   "mimetype": "application/julia",
   "name": "julia",
   "version": "1.10.3"
  }
 },
 "nbformat": 4,
 "nbformat_minor": 2
}
